Victoria rainfall grid.asc
ncols         181
nrows         104
xllcorner     140.925
yllcorner     -39.175
cellsize      0.05
NODATA_value  -999
[rows 58 to 86 of 104, columns 0 to 65 of 181]
-999 582.4023 580.139 582.27 583.1252 583.652 578.9841 575.5531 573.5731 573.6058 556.6883 543.5491 546.993 532.4726 531.7946 532.3718 533.3376 502.0493 490.1373 495.0733 494.7017 493.9048 501.8923 503.0033 503.0313 509.1372 517.3745 527.1432 548.2439 637.9405 534.3544 532.6822 529.4204 531.385 531.9046 529.3226 527.0051 531.3053 527.8518 521.1071 519.2512 525.4558 529.3016 533.0285 542.3789 597.5798 683.9376 598.3179 542.5299 527.1192 516.4833 511.8853 520.9258 522.9955 515.2742 518.0374 511.4587 492.2144 492.101 487.5349 495.0171 521.1523 528.4539 582.121 650.7415 618.9468
-999 587.3862 584.4606 587.9081 595.6077 596.1799 593.4182 590.3893 588.4886 586.5331 580.5599 567.463 560.3397 544.7482 544.7273 551.1528 519.3045 510.9453 507.5331 507.824 509.831 511.4539 512.6847 515.5448 513.1667 525.6393 533.116 541.5866 566.9917 713.4443 572.7859 550.8266 548.4988 554.7883 547.3967 542.7333 549.8625 529.0303 521.2159 518.1915 520.0212 528.6439 531.8594 542.6797 565.7189 555.7829 610.7269 628.1047 590.6918 534.7883 527.7043 521.1521 562.7386 583.1353 516.5604 513.4041 511.5451 510.2937 493.2257 493.8376 492.0158 540.5909 576.8569 599.9935 629.7512 685.075
-999 591.704 596.2609 604.5063 605.9219 609.2762 612.472 611.9198 608.9078 604.0841 598.3014 585.9148 577.6088 564.9379 550.5182 539.0649 524.9879 524.6339 526.6342 519.4391 523.8276 526.0185 530.3367 549.816 538.5978 541.1953 548.2617 555.7247 623.9697 733.2281 925.2932 576.2827 560.7061 577.0991 571.6779 572.7027 577.4274 548.0629 551.2281 543.3918 531.0222 541.3434 543.3865 561.7655 584.7774 582.2504 624.3342 585.1909 576.3829 549.2027 570.4641 531.8963 532.8179 535.6349 526.701 519.6862 530.5577 527.5058 512.9583 511.98 511.8178 526.0159 778.2844 658.3329 608.9528 661.2189
-999 604.1384 611.7752 616.1616 622.1329 625.4927 629.8863 627.1359 628.9598 625.6646 620.6389 603.934 590.5765 566.0369 566.9057 548.8479 534.4717 548.8435 543.9758 538.5082 531.8141 535.5778 544.997 561.1039 588.9786 563.0562 578.3861 584.245 586.1346 638.5637 753.0702 708.3584 624.5701 582.8392 575.5844 573.9935 575.7526 572.2491 553.2653 610.9094 565.3167 537.9966 546.1931 572.3916 585.3745 730.2252 654.1489 617.9178 631.1 580.0009 541.429 551.8789 557.8042 543.6682 549.1665 544.1078 552.5392 522.7159 559.1252 538.2851 537.2712 545.0226 548.569 610.2236 593.1254 647.46
-999 610.214 617.0002 627.6122 638.3911 638.9229 640.5615 647.012 647.8506 646.108 639.2188 621.1919 598.9932 577.4041 567.9695 559.8636 548.4584 565.2108 556.55 550.1005 546.5098 547.9714 578.5721 631.426 593.9888 576.5385 593.3839 629.1829 776.1329 675.1988 778.0042 901.3822 606.2354 598.2521 589.6602 589.7986 628.4112 587.7003 557.4156 573.5732 583.5175 553.1422 540.543 561.6296 636.3258 617.792 680.3034 790.5826 827.6549 622.4016 548.1327 565.1456 559.6422 579.4696 582.8485 581.0322 560.7363 530.4213 549.3743 551.2612 547.9529 554.6868 536.9176 591.5237 600.1146 594.1473
-999 630.4308 631.7808 635.565 647.8715 654.5497 659.7568 668.6134 665.7811 639.7005 646.127 617.879 613.1913 583.5161 583.8579 581.2026 578.3182 575.8414 547.2915 555.2625 570.1064 576.035 739.7206 583.5494 582.2114 592.9716 594.1407 700.2101 693.6512 701.6567 768.3784 762.9899 672.8486 604.3799 600.6245 601.4476 647.9482 606.6364 565.8428 586.2277 605.568 571.6489 556.832 539.7583 581.5761 589.4613 610.8342 595.502 834.8959 612.1843 561.2911 562.9651 576.2769 594.9366 573.17 560.9244 541.6935 566.2567 543.8888 553.639 557.2924 578.7333 582.3619 570.4268 592.5549 614.548
-999 651.0897 650.3393 652.0402 658.3582 666.5493 672.679 669.699 661.695 645.2495 654.6987 629.5312 590.7301 606.9496 595.9405 607.9409 582.1445 601.2196 590.6884 579.3966 585.4278 601.806 622.7497 582.6246 639.3941 601.7419 636.4912 604.5573 614.2502 619.3414 702.0397 1013.934 687.5178 698.1176 610.5429 597.2251 590.6537 599.5876 600.4241 582.8967 603.8135 675.0538 567.8522 553.1497 575.1514 602.6022 598.2302 638.6694 601.7754 566.2054 586.038 587.435 589.7963 615.613 584.3409 574.1085 581.4299 591.9683 586.4762 583.0501 561.698 621.5508 642.2017 613.3179 627.8706 703.2217
-999 654.8344 663.4348 655.5688 665.1045 676.3007 666.6946 648.7116 676.5289 665.2763 668.5457 648.8069 631.8784 640.6893 634.6162 643.3805 623.6594 604.5108 594.1747 587.9693 595.4715 594.0696 609.7482 592.1546 595.252 596.7988 611.0961 822.5461 810.5248 622.2716 637.4224 814.1345 755.9958 840.5295 618.9881 604.1797 605.631 604.7781 629.9134 618.4027 606.1928 583.8928 626.6802 653.9164 588.919 652.7464 779.6495 605.6694 671.7584 581.7787 678.1065 588.9569 608.4182 613.4106 614.325 589.0955 627.9179 597.7339 602.479 600.0246 648.8682 617.6328 664.9624 648.3383 733.8364 749.5898
-999 646.7004 661.9614 675.7037 664.0914 647.8015 656.4969 693.6893 702.1815 673.9073 685.6832 678.4992 648.314 655.7988 645.6445 667.5712 627.5727 629.4688 628.0503 627.3381 618.2926 602.2699 601.3205 626.7711 605.6716 611.0633 625.8063 808.6281 872.6628 651.2887 641.1228 783.3569 793.5554 1202.896 629.0865 606.2266 607.6823 601.9074 662.8846 650.4768 567.4339 571.2639 589.2988 897.7175 591.9406 742.7345 1017.705 648.7276 751.4888 709.2354 643.4185 605.239 630.1053 656.6034 637.7916 651.4342 622.5356 610.2446 617.8247 629.9312 674.6975 727.0542 703.5684 699.5544 842.5278 813.5601
-999 645.9888 654.2549 675.9575 677.72 660.214 677.0377 703.849 696.5565 697.6633 699.2338 684.7518 670.3515 674.8126 683.8469 659.6193 646.5508 655.1617 644.0944 631.8269 626.5191 628.398 649.9573 627.2485 620.2908 641.1916 758.0464 797.4351 667.718 672.0427 731.9095 706.8701 890.3453 798.7694 646.3076 626.9595 615.9736 633.204 626.7134 548.8439 554.1064 588.4049 584.5361 597.3851 598.4794 602.2922 640.3402 686.6982 657.5344 641.8685 668.7759 632.0118 647.992 753.0483 665.7471 719.0329 650.3804 632.908 642.6309 686.9053 693.1783 886.1913 820.5178 907.5568 904.4415 942.6291
-999 652.5197 653.1865 660.8928 681.0662 683.8096 674.0728 664.2163 695.5712 697.5678 702.6064 682.9512 706.8007 707.7811 692.9667 685.1765 686.1782 658.2309 650.8734 648.3826 642.6434 648.1409 654.7251 657.0911 647.5145 669.5873 735.5649 713.3083 649.1874 644.3268 683.405 743.1796 742.0352 660.1473 625.8452 610.1566 597.9874 645.019 571.8702 559.3904 573.9861 591.4084 615.6075 639.5159 590.1738 598.0851 598.5135 604.533 641.5605 652.1747 617.5118 627.8163 638.3295 723.5326 785.314 666.5603 661.731 660.7274 645.9987 688.2117 783.3879 786.488 893.7437 973.5291 988.6625 1053.85
-999 658.1152 661.0918 661.0908 662.8206 678.2091 668.7094 650.191 657.8318 695.6513 684.2354 686.449 719.3994 709.4294 697.3943 716.108 680.2211 652.7458 657.4062 705.3455 643.0157 642.8337 666.0402 651.9567 640.9261 685.9581 940.1932 658.8682 636.8782 640.0111 648.3909 784.0988 635.5317 627.0406 610.0436 603.0901 578.006 576.1768 572.7288 578.1416 590.2588 591.6951 587.1972 589.0153 585.8729 597.3292 615.575 629.2443 679.1655 680.0019 623.2822 622.5246 642.5386 643.2213 660.546 695.5984 654.1903 720.9321 692.6959 698.5262 761.0231 839.1492 876.0801 987.758 978.7 1045.222
-999 669.7173 669.3357 665.7314 660.3035 665.6286 683.2498 679.6223 655.3377 645.2539 650.1931 662.4355 690.5964 706.6935 706.6805 707.0318 656.3868 627.9323 641.1802 659.1116 691.0189 630.3008 635.7902 639.3723 638.0919 636.4093 772.8646 623.6453 648.3311 729.3102 645.7446 615.8661 613.7924 602.5983 593.2324 595.2157 573.7746 558.8776 562.2518 567.0115 562.8815 573.7451 568.3668 582.522 603.4065 581.8778 593.4147 605.4949 622.5319 627.3866 643.6844 633.0462 649.7403 643.0843 645.6859 660.3197 663.3519 683.0045 711.4959 811.5168 836.7268 917.9457 923.4738 951.1481 935.0209 1012.96
-999 675.4626 674.6466 666.8286 666.5138 668.5272 676.7501 688.3979 673.5398 664.4899 681.4747 659.7977 650.0132 654.2878 658.1365 666.4233 638.9916 621.6045 665.5885 660.5217 629.0608 642.5502 642.9787 646.8772 640.1315 631.582 627.6118 628.4351 686.9517 710.3295 623.8284 607.4981 603.2859 591.6356 586.9088 589.4719 575.2244 551.9726 575.9265 589.5272 577.9912 569.0051 556.8608 587.2451 578.3424 599.5707 614.2638 651.0644 629.0397 625.9116 624.3708 625.4601 653.0148 637.17 655.9362 686.7399 686.0881 704.4738 703.5208 715.4171 805.7042 825.0388 903.8305 921.5923 852.5206 827.9221
-999 683.3958 679.9472 675.0499 663.7988 665.9948 669.3837 684.5414 686.9141 628.6355 630.0685 638.9877 627.8661 661.9091 611.2923 615.9722 629.8269 648.5643 645.7567 653.3544 642.8967 651.4617 656.6127 672.104 677.6423 654.9607 633.7745 636.3757 1014.039 636.6146 622.4267 600.8337 603.2808 592.7657 585.5209 611.8187 554.9283 591.3365 577.2534 573.5715 578.3853 567.9705 549.6935 564.3247 577.9596 605.2264 619.2303 627.0562 636.5109 638.28 636.3211 661.7312 683.9912 686.4147 696.9755 675.8434 699.3493 685.4397 677.0446 800.36 789.7697 779.161 824.853 870.5197 827.5237 798.8527
-999 696.3091 691.8583 681.937 673.1843 661.0781 660.8889 655.7351 684.4896 648.788 651.2885 627.5126 657.2194 632.5201 628.7695 645.3427 651.8968 667.9327 631.4962 624.0932 654.8247 666.9222 665.8796 666.0475 661.5662 666.0474 642.7491 647.1089 646.3047 654.1481 647.2756 625.0573 618.8286 624.1191 592.1727 585.0974 591.9009 573.9426 570.1279 567.0987 565.8859 558.6489 567.7413 551.7699 576.2393 601.2231 603.4548 611.5261 626.6866 649.465 643.389 645.2578 707.3771 731.9576 658.5143 694.5596 733.9776 682.4401 692.5103 791.2233 806.0914 760.8995 716.2044 775.4231 777.9846 754.8737
-999 704.9482 698.7946 689.0309 681.6733 674.4934 650.759 662.9857 678.6678 706.2015 683.2835 680.0584 649.6191 661.9649 662.8101 618.6387 633.5864 660.4166 619.03 620.1036 644.9711 664.8068 679.0222 657.073 658.0009 667.3298 642.7465 663.483 665.2761 670.1755 673.186 650.9562 680.6028 638.4803 615.2677 588.4703 584.3701 578.6768 564.6726 568.963 563.2767 558.8461 542.5021 563.4678 570.1708 576.4167 587.3836 612.2249 608.7655 671.8571 642.2187 630.3348 677.9075 661.1024 658.7127 710.4606 739.4949 694.7701 698.2765 709.1237 749.0382 728.3458 782.7458 709.1031 665.8984 706.7124
-999 714.5996 707.9011 695.3357 694.4271 688.8249 664.4203 680.0723 680.1129 716.3889 714.3069 699.5127 676.7589 668.356 680.0202 694.9935 667.3376 685.5634 658.53 666.2834 650.5267 669.3841 671.6274 691.7101 673.9958 662.4174 663.1749 669.7852 672.9519 681.9567 679.5768 653.3807 638.4038 631.6251 611.7148 587.3309 582.4208 591.2712 575.439 576.1423 574.7507 579.4925 575.0469 560.582 570.5379 587.2065 596.8792 614.2827 652.66 638.5969 647.1758 632.6565 639.9775 618.1504 657.8941 750.2748 725.0426 739.7255 726.0175 654.9011 684.7542 715.147 688.9445 663.5871 691.6865 696.7004
-999 726.509 721.8873 708.8804 702.0928 693.5051 686.3066 686.9164 693.4202 723.7432 725.9657 713.0528 704.3054 708.1771 694.265 700.184 690.1102 671.2083 688.9302 695.2458 687.3309 689.3247 689.7339 695.6923 687.3209 680.443 679.2267 676.4128 678.8542 668.6798 673.6879 653.6046 645.8542 619.8702 598.1427 592.9272 596.775 619.7225 586.7809 597.5632 594.1421 593.8665 579.7652 580.9634 589.743 593.707 604.47 621.934 630.8672 632.4449 637.85 634.7532 616.194 612.9562 631.8508 632.0762 691.2449 693.5443 705.1922 695.7332 713.0043 704.1433 682.3021 674.9268 662.1171 683.0178
-999 739.4262 736.6427 727.323 722.7053 711.9623 700.4009 710.606 694.8387 732.3279 706.3165 723.1824 727.2095 725.3403 690.3337 701.9343 687.5115 678.0508 685.1522 693.4329 708.8622 698.6962 712.3024 709.0396 704.5183 701.0027 694.275 691.5266 692.0574 675.5566 670.6844 664.5258 664.5697 612.3956 609.8466 603.46 615.9527 620.6762 590.5704 598.6667 590.0748 599.7963 586.3742 571.7793 614.0333 585.8408 593.1358 603.7982 608.677 616.6815 634.4662 634.4496 618.5649 589.8908 594.8265 639.1243 681.9326 689.3043 659.5452 666.821 657.5809 688.7791 692.1737 662.7356 682.576 669.4548
-999 752.3693 749.6626 747.7868 731.9449 725.1614 718.8824 716.6769 716.9525 737.8228 751.1945 753.1385 728.014 710.5812 687.7017 682.9739 682.4991 670.2916 669.2851 681.7995 694.0283 722.0977 793.0479 725.2242 739.1247 722.7025 722.9838 730.1141 710.4138 680.7271 681.659 664.1461 644.869 628.3971 604.9735 615.3303 635.0234 610.2978 615.2729 608.7689 614.731 600.7853 593.6246 587.8705 612.0862 592.9323 604.8732 614.8489 610.3303 616.0751 601.4532 602.2256 589.8195 567.6335 571.4257 567.577 590.8275 604.5109 611.7529 639.2964 624.3907 641.4205 650.4971 628.8915 613.6331 598.8453
-999 760.5819 757.2735 754.2248 754.0042 745.0955 732.4539 722.8824 720.2446 755.3042 727.0165 746.9366 731.0176 708.1619 710.9379 712.0184 716.8762 683.3167 675.2897 677.178 694.9146 711.9691 721.9352 729.4753 734.4624 731.536 730.7274 718.753 710.4938 685.8146 666.5363 653.1778 649.798 643.728 630.6258 619.6569 634.4203 622.8585 624.553 616.509 611.7439 600.8282 597.316 612.9684 610.2877 616.5392 603.0674 607.6806 599.2457 596.731 590.3347 591.8352 573.1415 558.6652 562.4132 562.1076 572.3743 584.4149 592.0783 606.4849 599.6098 602.1505 615.0175 612.2349 559.3193 588.4888
-999 766.986 753.4053 765.0571 761.9167 760.2775 747.7314 766.2321 787.8358 776.3489 756.8757 734.3845 760.9308 767.0232 757.81 727.6684 733.8914 700.1747 692.4002 709.9692 707.8209 702.4317 723.4582 749.5264 743.4569 738.2015 739.6616 724.3823 708.9159 693.6743 684.3264 673.797 660.4053 650.2014 645.606 638.3566 641.7236 639.1509 632.2304 633.2771 624.5283 617.3356 602.6459 614.6413 614.9082 614.7863 602.1721 593.2817 575.0319 579.9964 584.9034 585.6701 570.8166 565.6664 545.3865 554.6105 567.4384 570.3237 580.6921 579.7621 591.399 586.999 576.642 573.9009 575.7704 560.3562
-999 770.0379 782.8256 794.9009 776.7029 767.3497 757.1627 815.1887 809.8644 812.6216 778.0115 757.674 761.699 758.3849 732.0653 748.9143 720.6887 719.6066 706.1733 732.9534 717.9547 718.2795 721.9761 748.5937 749.6904 741.8632 727.4346 723.171 718.9138 700.9191 689.6976 695.0715 686.2808 666.7796 655.7327 656.4636 660.7253 681.3476 661.7975 651.3484 646.2698 627.8303 625.0092 629.0211 627.3041 608.6007 611.9036 601.9614 584.5338 574.8746 572.6742 577.4144 571.3132 554.3445 555.3318 568.5592 570.8781 566.6425 575.298 585.4589 575.1032 545.2114 554.6785 560.7714 548.2404 540.6569
-999 -999 -999 778.9073 787.085 800.2582 789.0219 792.0683 814.8295 808.7357 787.9053 762.069 756.1913 742.7756 744.4215 728.267 720.4537 718.3773 721.6802 726.1414 721.0041 712.5323 723.7642 737.443 741.0392 739.6196 735.8588 727.2126 740.5978 742.6801 708.6061 711.473 715.589 708.3059 682.7617 685.8032 683.2515 674.3264 670.3904 670.0756 677.1628 643.5831 652.5043 646.716 645.8749 633.4041 621.4886 609.3104 603.1453 592.1058 581.5632 574.9491 567.2886 565.0553 572.0281 567.0989 579.9946 582.8484 578.7867 569.9235 566.5463 563.506 537.4985 531.7136 521.6733 549.3703
-999 -999 -999 -999 -999 786.9125 803.9706 852.1328 865.1527 828.1749 812.0281 785.4324 765.6423 753.7209 736.6331 725.6162 718.464 724.0452 729.4476 730.8508 717.5252 724.5621 741.7818 735.4355 744.4722 730.1888 723.7277 721.9202 742.2007 742.9882 731.6819 736.1189 737.1974 732.5004 725.2102 706.5099 709.7281 705.3685 701.5867 700.2918 709.7732 672.5636 677.681 671.4412 670.7292 657.0942 669.7622 643.5014 615.7457 609.4697 602.5054 601.3766 609.7318 588.9953 585.1136 588.9938 593.9616 597.9374 593.3163 583.4881 583.8323 568.0435 586.809 573.8762 579.8693 561.6349
-999 -999 -999 -999 -999 -999 -999 825.4567 875.4124 845.5002 823.5709 796.1423 779.2748 762.4303 778.8642 776.0538 749.7595 731.7213 730.4781 734.8484 730.2108 734.5109 739.2708 736.932 739.8305 739.0306 732.8602 750.2249 758.5495 763.7552 748.0393 754.8065 756.9552 752.4711 738.8025 733.8358 752.2506 762.7814 738.2373 731.9628 728.9924 698.1032 708.3411 712.3121 693.9855 690.368 678.7848 665.7214 642.1174 635.5729 631.5932 647.7009 639.069 603.9193 608.934 615.7675 626.3506 636.3236 615.1134 612.646 597.0945 589.1317 608.2377 634.5491 652.2006 608.8915
-999 -999 -999 -999 -999 -999 -999 -999 829.2889 869.76 846.9916 824.7419 812.3913 790.9352 762.8507 748.3556 737.1724 731.3906 730.6181 728.3455 733.3262 738.804 745.2134 743.1991 747.7224 748.45 751.4169 763.1288 775.7878 787.9639 781.0713 741.9131 758.8596 760.1771 759.03 765.7044 769.6846 760.321 761.112 768.6658 745.1714 729.6092 778.7706 763.0116 814.2397 729.2031 716.3711 702.1205 673.0875 667.6824 669.7134 709.1851 662.9869 649.3305 646.787 651.4698 658.6032 687.1014 677.2614 655.8509 642.7785 630.2125 667.8513 644.7109 639.4366 612.8091
-999 -999 -999 -999 -999 -999 -999 -999 -999 844.988 858.5659 832.2028 805.4335 786.8387 -999 -999 -999 -999 -999 -999 -999 746.4453 738.4058 751.475 760.8737 753.7414 753.5338 763.1834 784.0535 802.9603 800.1993 787.2142 783.8265 791.9841 781.0219 803.1949 809.1131 784.6685 773.7366 775.4655 776.5745 791.9092 824.298 772.8193 754.2925 762.9775 761.308 770.0867 742.6974 715.7034 699.9178 707.9927 700.1473 688.5208 699.1315 695.7416 694.2405 691.4018 683.4138 684.7764 674.2578 682.7939 703.2684 674.682 672.5182 634.7787
