Victoria rainfall grid.asc
ncols         181
nrows         104
xllcorner     140.925
yllcorner     -39.175
cellsize      0.05
NODATA_value  -999
[rows 29 to 57 of 104, columns 0 to 65 of 181]
-999 368.2833 368.0562 361.9786 364.6671 360.7137 350.7126 350.9588 346.2242 333.2819 334.0059 329.1568 331.7968 326.1304 328.2158 334.1001 333.823 329.8004 313.9976 316.5157 308.2459 316.6891 306.4081 315.4082 329.0822 327.8925 332.139 339.2212 346.2253 345.2665 340.0262 334.5616 336.0216 336.8043 342.3639 337.0299 336.3844 329.7611 337.2633 339.7674 337.137 338.2879 338.7989 339.7274 340.0387 339.3931 348.182 353.6368 354.5955 352.1018 356.186 359.8481 353.769 352.6613 354.4716 351.875 351.0894 352.1993 -999 -999 -999 -999 -999 -999 -999 -999
-999 376.1667 368.8606 368.7283 365.5643 356.262 351.0261 342.3161 343.1909 347.9952 336.1879 330.7559 328.4446 332.0919 326.5967 335.2027 334.3347 336.5733 314.6709 309.7067 316.3449 312.8735 324.8309 324.6763 329.9213 331.8983 332.6535 333.2562 342.6311 347.1582 348.8062 342.1922 338.0501 337.7805 346.025 348.6718 337.7874 331.776 334.4989 335.2345 334.2883 337.7155 338.8654 339.8039 341.6116 345.9029 348.2855 351.2422 355.6678 356.5218 361.8336 362.0146 355.1817 351.9577 350.6156 350.8534 354.2891 354.5013 355.7909 357.674 359.1888 362.0547 -999 -999 -999 -999
-999 385.1371 374.545 372.0159 369.5681 355.0311 354.0024 346.1891 351.4719 347.5104 333.9871 330.9481 329.6921 328.2251 326.8156 336.0177 326.9842 334.4374 323.0748 319.6802 318.9549 322.6446 315.0817 328.8229 331.4414 332.4401 336.5776 335.6742 336.1843 340.6223 342.6518 336.5134 342.2449 340.9304 341.0309 347.0914 339.2241 334.7904 338.04 338.1271 339.034 339.5993 341.3343 342.2357 343.5106 347.6237 351.7189 354.1289 354.9112 359.2531 362.7171 361.9076 357.027 352.1039 353.096 353.1595 356.2884 360.0468 358.8484 359.6034 361.9531 -999 366.0251 -999 -999 -999
-999 382.6904 378.3049 376.2051 372.303 370.3427 354.9416 351.9018 352.4741 348.5281 347.0161 342.6236 331.1115 329.4511 328.1248 328.7917 333.1554 334.3913 331.8263 326.3872 326.7083 314.642 325.4109 327.5167 332.5987 334.0476 338.7478 332.5811 337.7357 342.7498 340.7376 345.0026 348.6109 336.6604 340.8497 342.6996 354.7234 340.1972 337.9229 340.3176 341.2415 343.0186 346.059 346.9709 351.8866 353.0357 356.5456 355.9805 359.0049 357.5458 375.4644 366.3965 355.692 355.5757 354.0671 355.5771 359.0016 363.1812 364.2968 362.0404 365.0172 367.5532 369.0305 371.2122 -999 -999
-999 389.6303 383.6103 378.3364 376.777 375.1498 362.8934 355.9944 353.0556 350.6672 347.9588 336.0091 332.0821 325.8364 332.5935 328.7036 339.5255 335.5407 327.5711 328.0178 328.9219 329.9595 331.4579 332.9152 334.5473 335.972 328.084 337.5725 342.2167 340.0801 340.7091 345.3431 343.0949 345.6453 344.2884 345.957 350.704 349.5849 343.6664 347.0471 345.5078 347.5681 349.6449 350.7555 353.9298 353.408 355.7234 355.5627 358.5559 361.1275 371.9374 364.4108 355.4821 355.1674 356.2585 357.6734 361.6728 365.4086 365.7494 365.3409 367.8633 370.3437 371.796 373.7441 375.8676 378.6505
-999 390.7107 386.5891 384.4622 379.1014 374.6098 372.1435 364.5672 355.0044 349.5887 350.0961 346.8896 343.3362 331.8626 340.3563 330.2705 341.7234 338.0222 330.6717 330.0741 329.851 332.0464 337.6457 335.9439 336.8293 338.1926 339.5733 340.7581 341.299 347.4634 344.9313 351.7393 346.8511 347.4648 345.4033 349.1949 361.0189 349.0715 348.8553 349.6431 352.9312 353.3429 355.7008 354.2023 356.2398 357.4158 357.2865 357.7504 358.3786 362.3991 370.245 363.5861 356.6195 357.0288 359.1666 360.9281 364.9417 366.9533 370.5322 371.7704 370.4427 372.3454 374.8004 376.7122 379.7493 382.7419
-999 401.3123 395.7267 396.7543 384.4479 381.4786 374.7342 371.6382 361.7279 353.7565 351.3443 348.6371 347.3318 334.1825 332.6521 347.3333 343.2849 333.5914 332.8321 333.047 332.3697 333.5721 336.2087 344.7236 340.2989 342.2388 346.3998 342.2145 345.6187 345.8069 345.4641 349.0079 349.3095 347.9684 349.32 347.1765 354.7104 356.873 353.1125 356.8145 352.3088 355.1812 358.6412 356.8731 357.8522 359.6926 359.0607 358.8102 360.053 360.5511 371.9224 360.5375 359.0584 358.9298 361.0279 365.1985 370.8379 370.8577 372.3802 372.7641 374.3745 375.8835 377.0432 379.7833 383.9751 384.8703
-999 409.338 405.4693 400.2918 399.705 391.7357 381.4949 373.5464 367.4692 356.97 353.2167 351.5802 347.6273 336.1245 334.2086 344.8034 356.0022 344.7686 339.1348 331.4284 335.0064 336.81 335.7854 348.2978 346.1181 351.3658 354.5935 352.5591 354.5671 347.494 353.5971 351.1073 354.7443 354.1292 350.12 349.7732 351.9325 362.9437 354.9415 357.6674 356.7678 359.3464 360.673 359.9109 360.6581 359.9141 361.5351 361.5319 362.4334 365.8284 371.8506 362.8954 361.2999 361.9398 364.2107 373.5747 377.8004 375.3216 377.0566 377.2335 380.052 380.1653 381.8272 383.4563 386.8712 388.4336
-999 415.8466 410.9543 404.0776 399.5978 397.4304 390.0919 380.5709 374.2304 364.6714 355.3403 353.9875 351.0492 346.818 346.6898 342.8777 350.1439 345.5068 337.6857 337.802 338.6098 340.0201 349.6288 347.9033 353.0551 356.1744 355.1346 355.5454 350.4967 348.337 350.8032 349.154 352.3531 353.0774 352.5768 353.4519 355.1635 359.2084 361.3221 359.0663 360.0187 361.6544 362.3245 363.4349 363.1232 364.1858 364.3292 366.6344 366.5136 369.3703 367.1098 364.9794 365.3771 365.4156 372.623 380.5323 381.3257 375.4373 380.3008 381.1023 382.773 383.5339 383.8653 386.0686 390.2555 392.2366
-999 418.7485 413.5236 409.6498 404.4705 399.4948 391.8958 384.4497 385.7001 373.3077 365.8811 364.1493 352.873 350.8282 349.467 348.5481 359.4228 350.2667 343.3361 345.2202 339.7961 348.6625 357.05 355.3502 357.5156 358.0168 356.9359 357.6691 350.8322 348.5649 352.6062 350.656 351.0385 352.9014 353.6548 354.6837 356.4141 360.0936 363.3954 363.0561 365.2775 365.2495 367.6556 366.5649 367.5798 369.0629 369.2838 370.307 370.3064 369.1354 371.5608 368.9468 369.8186 375.2448 380.679 388.1548 386.0537 380.1892 383.797 384.5778 386.1736 387.4166 388.8658 389.7959 391.415 394.0175
-999 420.5878 420.3991 432.684 408.3952 403.972 394.9828 387.2777 383.8971 378.7528 372.2452 369.5925 365.0624 352.287 350.8276 361.4505 355.6862 354.7057 342.6977 347.0278 342.8265 360.2986 357.4422 357.9331 359.2487 359.6711 358.427 359.128 351.1367 350.6672 357.0299 350.2248 353.2293 353.798 360.1152 356.4662 360.1657 362.6176 366.693 367.5195 368.0279 368.33 369.147 370.374 372.0043 372.2776 371.4556 374.4664 374.7764 373.9579 373.0298 368.7433 374.9057 392.8011 391.7702 392.3667 388.9482 384.6855 387.6104 388.2044 390.4969 390.6431 390.608 392.495 394.2624 396.1082
-999 424.5601 423.4926 420.4279 414.2702 405.6878 400.1637 394.636 388.5549 386.6797 377.3739 371.4571 368.8999 358.9201 354.3832 350.0939 365.4845 354.6869 342.3178 344.0176 365.7712 351.8361 369.4136 359.7251 360.84 361.0367 359.6174 360.3911 356.8992 352.0541 352.8895 356.154 356.0207 357.8878 360.0042 358.7031 363.0033 363.7409 366.6293 367.2175 368.5768 370.9027 371.8503 372.3878 372.6693 375.0564 376.1209 376.7424 375.5353 375.5721 371.957 379.728 378.605 393.3988 386.3755 387.1519 392.0696 387.2175 389.7769 391.9742 392.7014 393.5857 396.0417 398.6977 398.4985 414.4595
-999 424.7463 426.8445 426.3763 426.9745 428.2145 411.4711 403.929 400.4652 396.3193 392.6425 388.821 372.9615 368.9709 355.6718 355.3551 358.0213 362.1721 347.4698 347.1505 348.6043 361.9729 374.2556 364.7259 360.3916 362.686 361.7046 362.0721 359.4498 360.2712 358.7305 358.6921 358.4019 359.494 361.1835 362.4231 365.5086 367.5097 368.8346 370.2326 371.8307 374.163 375.0371 375.5995 376.4504 376.798 377.3132 377.7774 377.706 376.7178 379.2314 383.1053 383.8735 386.9618 383.6729 381.7542 390.645 392.3194 391.7787 394.5856 395.1202 395.5884 399.4024 398.9872 401.6014 419.6159
-999 443.5512 435.2611 426.9529 424.6501 426.447 425.7047 410.5935 405.5729 400.3059 387.5847 381.2714 394.1871 373.0398 371.7657 364.0182 360.5919 369.6667 357.1758 350.2541 351.7677 352.1912 366.9706 368.5255 363.4033 364.1456 364.2493 364.9878 361.3806 359.703 360.4563 360.9059 361.0899 362.99 364.5459 366.5341 369.0183 371.6519 374.5764 375.6576 377.9295 378.9881 381.1564 382.6935 383.0543 382.0531 382.1958 382.3437 380.2622 384.7603 386.2604 390.9417 391.2359 392.3214 389.3495 398.2328 394.3381 395.4539 396.0728 397.4215 398.8718 399.2617 399.8904 397.6552 403.0315 402.9858
-999 443.6339 431.8688 430.9508 429.3851 425.4328 434.7 426.1471 413.106 411.1763 391.8741 387.0425 384.7656 390.8462 388.0143 373.7809 368.294 368.7263 365.4826 354.7888 353.1566 353.7779 369.6055 372.1464 368.6581 369.3643 370.1728 372.4297 369.2766 363.0855 365.5549 363.1071 364.4532 367.5238 370.2884 371.6035 373.7358 375.5325 376.7584 380.3691 385.7782 386.2015 389.4142 390.4884 390.8177 388.3069 386.6648 386.651 383.6834 388.7815 393.8576 396.6681 398.7557 397.6816 400.5785 401.6062 404.2715 402.7135 399.5339 400.6671 400.8101 401.1024 404.9557 404.1932 403.6462 412.1664
-999 446.6307 442.704 433.03 430.3386 424.5641 432.3021 436.3771 432.7273 421.7365 413.1569 394.5701 390.7777 396.8803 394.7675 389.4482 375.996 376.0775 376.9793 359.747 355.1866 355.0794 369.0334 375.1364 372.3108 373.8617 376.4328 376.3629 376.8819 368.5877 371.9253 368.7711 369.6746 371.8398 375.3654 377.3864 379.2629 380.5632 381.4547 381.9303 382.525 389.5753 392.0876 394.2965 394.0056 393.5777 391.4102 392.6992 393.3773 400.0895 404.4098 413.2847 410.4322 413.3465 412.788 406.3077 407.9239 407.2292 404.45 404.6181 404.4427 404.353 407.3493 405.1779 406.5958 403.3497
-999 455.9842 455.0718 440.3455 432.7255 428.647 430.9515 432.0035 440.0303 430.2244 418.049 420.9476 397.5304 393.0717 411.4189 397.4961 401.023 381.6512 383.9378 364.9235 357.5464 358.2845 378.8891 376.9977 376.8228 375.1328 376.9602 378.7247 380.168 373.6445 374.5978 374.0375 374.4156 375.6952 380.9292 382.2316 384.9448 386.0282 386.7216 386.6759 387.0135 391.3368 394.8562 403.0459 398.3705 394.3773 397.1038 411.128 423.1106 412.4231 414.5266 444.5631 423.9454 427.1747 425.7989 419.1194 420.8363 423.608 412.1727 409.5134 408.6461 411.5019 410.441 410.9836 410.7872 407.899
-999 466.7437 460.084 452.4618 439.6657 429.1349 436.0662 436.2648 441.7485 450.6772 429.2461 421.0513 405.9367 399.8888 406.0478 403.8533 399.8759 390.6216 390.3608 374.0798 377.8088 365.2583 378.5429 381.627 382.3741 383.0959 382.53 383.8871 383.6716 379.8152 382.8609 379.3574 381.0684 379.6903 383.1942 385.5803 389.1678 390.2011 392.814 392.6036 390.8201 394.8339 398.0601 408.2989 420.2964 403.1944 419.9807 412.3615 409.0795 430.4094 422.4092 436.5517 472.0781 470.4374 461.703 456.0308 428.1139 425.9162 417.8518 413.2154 413.5483 416.3556 419.83 417.3971 416.2993 412.2098
-999 474.1577 471.6378 464.4951 457.3486 451.1348 444.047 441.1968 445.547 440.8821 448.3576 428.7751 423.7023 418.6454 413.5529 413.726 413.8808 407.5129 401.9196 384.6436 376.8778 375.7992 384.7822 391.8851 389.9327 389.0813 392.8236 393.8482 390.0875 386.8167 390.0096 389.8496 389.2443 388.4291 389.576 392.3227 395.4689 397.378 398.782 398.9645 400.1744 401.2296 401.5355 413.6009 413.4174 412.3844 420.6226 415.5343 419.0789 428.3474 439.5121 440.9659 485.2528 487.5667 459.4774 444.1368 434.9188 433.7397 423.5362 419.8025 420.1619 421.8429 425.548 419.9477 424.3428 421.8512
-999 487.0811 481.9471 474.4374 468.8368 460.4489 459.9756 449.3492 461.0669 452.248 459.6906 453.4591 439.3526 437.6789 422.7954 422.7866 431.0509 422.6515 408.5045 398.5762 388.0215 384.5667 393.3137 404.6123 400.608 399.8591 401.7587 408.2364 402.1693 394.301 399.0298 399.1465 396.8883 396.2459 397.7413 400.5511 403.3045 405.2811 405.757 405.4073 404.2256 405.0339 415.938 416.4321 415.4385 416.7453 420.7052 423.7128 452.4596 454.799 456.6968 458.4035 469.8752 471.0295 490.0956 448.0276 450.3125 442.1866 430.7036 426.6482 426.0575 430.0867 431.8546 428.8402 427.5393 427.9498
-999 498.5471 492.5033 486.1228 479.4732 472.7018 466.3958 467.8678 455.3571 466.4416 469.869 474.9503 447.5469 445.0647 440.075 428.2885 434.6512 429.4158 426.0255 401.2105 401.1243 391.7657 414.7954 410.3053 408.7328 410.4765 409.6121 412.0437 412.3167 403.2156 411.6259 407.4893 406.2436 406.3525 408.671 410.7602 412.6334 414.145 413.5195 412.0917 409.7372 410.1265 408.2729 421.0633 422.4273 429.4829 430.2161 423.3675 446.0497 461.8091 511.4942 475.299 489.2579 478.1674 477.1746 464.1289 510.0963 443.9122 434.9325 437.9087 433.8412 436.8253 436.934 434.4348 434.691 433.4532
-999 509.3677 504.4924 496.5702 490.7349 488.3099 481.477 476.6044 472.5256 466.6603 468.3847 478.6742 483.2786 453.0024 448.3367 443.2692 441.4992 450.2219 433.6809 420.1468 406.6597 405.6366 405.0669 414.1644 417.032 416.8596 417.4046 419.1882 419.0395 410.845 415.1711 418.6462 418.1785 419.82 420.1235 422.4596 423.2701 423.0394 420.6894 417.3037 416.9571 437.6504 417.6405 430.5432 427.5616 434.3428 436.4387 449.7451 443.5667 471.8938 466.7659 480.4562 474.5352 482.0004 529.6701 465.8743 453.4165 445.6834 451.1014 450.4177 450.7357 443.7465 442.7723 441.9705 441.4322 439.8874
-999 521.2818 516.5839 508.0847 505.4868 502.1879 493.1264 485.9923 481.7455 474.8362 479.4252 481.9057 473.8591 469.3736 456.1816 463.5275 451.5224 455.2139 439.8156 425.7703 413.8598 406.8587 423.0488 426.3308 422.9321 419.597 422.8563 426.4843 428.5418 421.6113 425.2243 428.1742 429.9656 433.7706 435.2262 438.1238 435.709 432.2362 432.9995 435.3845 427.4065 436.4835 434.8408 439.2672 440.7534 450.7894 464.0431 449.9361 451.1996 443.8746 482.4291 466.686 471.8338 491.1461 532.598 487.5466 465.2602 455.7613 470.3338 469.8387 447.9086 449.3297 449.6257 450.6732 451.7101 454.6171
-999 526.0607 526.5027 518.6685 519.799 515.5664 507.9008 499.6232 492.3984 494.6809 487.4202 486.0085 483.546 484.8104 469.7143 464.4091 467.1952 459.8701 440.5816 427.6103 423.333 414.8291 435.5772 432.6646 430.2571 429.8654 433.8371 437.5477 436.4064 440.701 440.1378 440.3415 441.4749 446.5427 449.067 452.8996 449.2316 441.4821 441.5505 444.2575 444.8198 454.8459 453.3076 456.9881 458.7178 477.2481 513.8739 500.4788 472.6007 458.0453 460.7079 461.1401 479.7645 500.002 545.5192 564.3061 495.8664 505.7691 466.4812 459.3925 457.6881 455.6938 459.4436 459.9973 459.8954 468.9773
-999 538.457 537.9807 534.3659 533.231 526.596 519.2873 514.4835 502.0504 503.7733 499.3246 489.9539 492.3936 490.3058 496.4944 468.9262 468.9824 452.8122 433.1505 430.5542 429.5276 427.711 439.8597 442.4335 441.6736 441.5754 442.456 444.5107 444.6914 448.192 450.9821 453.1866 455.0787 459.4949 463.548 466.2033 460.363 454.2249 454.1629 459.6696 456.8867 458.9502 467.8831 472.3897 468.4297 480.808 508.246 498.8097 488.3032 473.097 470.7729 465.8333 482.6584 518.5506 532.3583 493.0841 487.2451 478.3177 469.4874 465.1601 462.4621 463.8127 466.2474 468.9608 476.865 475.7489
-999 546.2505 549.2284 544.5634 539.2894 535.7844 534.8409 520.3746 519.9781 513.4059 506.7629 508.7457 496.0438 498.4052 492.6762 503.1793 461.7262 441.9016 439.7427 441.1298 437.6857 434.4595 439.3143 442.241 446.4453 449.0072 448.8372 451.9698 455.1605 459.3887 464.823 467.2076 469.5215 473.0991 478.3642 472.8277 469.499 476.9878 473.2172 478.8359 482.0406 481.9681 469.4179 501.1057 480.0725 493.303 517.5096 496.5744 484.7191 503.7192 488.7015 478.5683 496.3462 522.7794 516.6993 508.1796 487.1071 479.0165 470.7408 469.5312 466.9948 472.1989 476.648 481.7805 503.0262 488.8904
-999 555.7122 557.2578 553.9418 548.948 550.3132 541.438 531.5835 528.962 525.585 516.1403 511.6062 500.3809 506.2506 503.3335 497.5307 468.39 472.545 465.4915 452.5837 448.2476 444.074 451.4656 453.6058 455.0172 459.6641 462.5446 463.7533 470.0756 474.4565 479.2842 481.6554 485.3807 487.0642 487.6472 485.6385 482.5145 483.8215 481.7579 483.5806 491.2034 510.3248 487.9141 518.8132 493.0652 514.7846 528.8376 521.4028 516.8787 500.7488 489.1121 496.4858 510.1439 559.1668 538.2727 495.9429 484.1213 483.5279 497.7406 470.2838 469.9651 482.5528 495.443 498.17 521.0911 515.8727
-999 559.8099 561.0638 560.0517 559.0332 559.5366 552.111 545.0981 537.455 538.0336 527.2387 518.5064 521.6666 516.1378 514.577 504.6259 480.6629 466.7859 468.4595 466.6946 465.7491 461.3097 456.5654 467.4811 472.6299 475.8003 480.7286 478.1579 487.5208 491.9591 495.3544 497.5313 500.2787 504.1849 503.544 500.6436 496.9084 496.7735 496.8482 498.3999 507.9786 513.752 516.183 520.6209 517.487 528.1941 565.8273 542.8943 528.662 506.1217 510.5714 493.7657 507.1431 549.1517 533.5367 529.7711 510.2542 501.0316 491.6046 474.884 472.4166 477.4351 505.4574 522.3338 527.3398 584.6249
-999 570.1027 567.8038 568.6877 570.4227 571.0379 563.7433 556.2924 557.6309 551.4456 539.4578 533.6846 545.4052 525.7374 530.7565 514.6756 511.856 494.1632 476.528 486.3485 479.6043 484.9511 485.1915 484.0329 483.584 492.9754 499.2385 505.4176 511.5127 511.8074 513.1232 512.0215 516.4531 518.9526 518.283 516.0753 514.1537 511.8313 510.223 510.63 530.2338 559.3027 557.0474 527.3098 548.1046 599.2175 660.9606 584.7935 546.4016 522.2557 520.4088 502.3842 505.1692 515.7333 538.6968 516.3345 510.8171 516.4217 488.7548 480.0987 484.2596 494.7519 520.3382 549.5953 556.7891 610.1604
