Victoria rainfall grid.asc
ncols         181
nrows         104
xllcorner     140.925
yllcorner     -39.175
cellsize      0.05
NODATA_value  -999
[rows 29 to 57 of 104, columns 66 to 131 of 181]
-999 -999 -999 -999 -999 -999 -999 -999 -999 -999 -999 -999 -999 -999 -999 -999 -999 -999 -999 -999 -999 -999 -999 -999 -999 -999 -999 -999 -999 -999 -999 -999 -999 -999 -999 -999 -999 -999 -999 -999 -999 -999 -999 -999 -999 -999 -999 -999 -999 -999 -999 -999 -999 -999 -999 -999 -999 -999 -999 -999 -999 -999 -999 -999 -999 -999
-999 -999 -999 -999 -999 -999 -999 -999 -999 -999 -999 -999 -999 -999 -999 -999 -999 -999 -999 -999 -999 -999 -999 -999 -999 -999 -999 -999 -999 -999 -999 -999 -999 -999 -999 -999 -999 -999 -999 -999 -999 -999 -999 -999 -999 -999 -999 -999 -999 -999 -999 -999 -999 -999 -999 -999 -999 -999 -999 -999 -999 -999 -999 -999 -999 -999
-999 -999 -999 -999 -999 -999 -999 -999 -999 -999 -999 -999 -999 -999 -999 -999 -999 -999 -999 -999 -999 -999 -999 -999 -999 -999 -999 -999 -999 -999 -999 -999 -999 -999 -999 -999 -999 -999 -999 -999 -999 -999 -999 -999 -999 -999 -999 -999 -999 -999 -999 -999 -999 -999 -999 -999 -999 -999 -999 -999 -999 -999 -999 -999 -999 -999
-999 -999 -999 -999 -999 -999 -999 -999 -999 -999 -999 -999 -999 -999 -999 -999 -999 -999 -999 -999 -999 -999 -999 -999 -999 -999 -999 -999 -999 -999 -999 -999 -999 -999 -999 -999 -999 -999 -999 -999 -999 -999 -999 -999 -999 -999 -999 -999 -999 -999 -999 -999 -999 -999 -999 -999 -999 -999 -999 -999 -999 -999 -999 -999 -999 -999
-999 -999 -999 -999 -999 -999 -999 -999 -999 -999 -999 -999 -999 -999 -999 -999 -999 -999 -999 -999 -999 -999 -999 -999 -999 -999 -999 -999 -999 -999 -999 -999 -999 -999 -999 -999 -999 -999 -999 -999 -999 -999 -999 -999 -999 -999 -999 -999 -999 -999 -999 -999 -999 -999 -999 -999 -999 -999 -999 -999 -999 -999 -999 -999 -999 -999
-999 -999 -999 -999 -999 -999 -999 -999 -999 -999 -999 -999 -999 -999 -999 -999 -999 -999 -999 -999 -999 -999 -999 -999 -999 -999 -999 -999 -999 -999 -999 -999 -999 -999 -999 -999 -999 -999 -999 -999 -999 -999 -999 -999 -999 -999 -999 -999 -999 -999 -999 -999 -999 -999 -999 -999 -999 -999 -999 -999 -999 -999 -999 -999 -999 -999
389.3138 391.7003 394.5278 -999 -999 -999 -999 -999 -999 -999 -999 -999 -999 -999 -999 -999 -999 -999 -999 -999 -999 -999 -999 -999 -999 -999 -999 -999 -999 -999 -999 -999 -999 -999 -999 -999 -999 -999 -999 -999 -999 -999 -999 -999 -999 -999 -999 -999 -999 -999 -999 -999 -999 -999 -999 -999 -999 -999 -999 -999 -999 -999 -999 -999 -999 -999
390.9539 394.4562 394.2789 -999 -999 -999 -999 -999 -999 -999 -999 -999 -999 -999 -999 -999 -999 -999 -999 -999 -999 -999 -999 -999 -999 -999 -999 -999 -999 -999 -999 -999 -999 -999 -999 -999 -999 -999 -999 -999 -999 -999 -999 -999 -999 -999 -999 -999 -999 -999 -999 -999 -999 -999 -999 -999 -999 -999 -999 -999 -999 -999 -999 -999 -999 -999
394.5198 396.9015 395.5898 -999 -999 -999 -999 -999 -999 -999 -999 -999 -999 -999 -999 -999 413.9427 418.6069 422.1291 426.7624 431.1087 435.8881 -999 443.9233 447.4424 451.1197 455.0456 -999 -999 -999 -999 -999 -999 -999 -999 -999 -999 -999 -999 -999 -999 -999 -999 -999 -999 -999 -999 -999 -999 -999 -999 -999 -999 -999 -999 -999 -999 -999 -999 -999 -999 -999 -999 -999 -999 -999
396.3466 398.7869 400.0738 400.1156 399.1655 -999 -999 -999 -999 -999 -999 -999 -999 -999 -999 413.4021 415.7693 420.603 425.1038 430.638 435.0977 439.4713 445.1556 449.1882 453.7519 457.4283 460.6999 462.802 463.2332 469.1501 -999 -999 -999 -999 -999 -999 -999 -999 -999 -999 -999 -999 -999 -999 -999 -999 -999 -999 -999 -999 -999 -999 -999 -999 -999 -999 -999 -999 -999 -999 -999 -999 -999 -999 -999 -999
397.0452 396.5612 399.851 402.524 402.74 405.3883 -999 -999 -999 -999 -999 -999 -999 -999 -999 415.5229 419.0135 424.1102 428.4352 433.2598 438.0403 443.3602 447.4118 452.3976 456.0654 461.7267 464.203 467.5038 469.5617 473.833 -999 -999 -999 -999 -999 -999 -999 -999 -999 -999 -999 -999 -999 -999 -999 -999 -999 -999 -999 -999 -999 -999 -999 -999 -999 -999 -999 -999 -999 -999 -999 -999 -999 788.6465 -999 810.814
401.8395 402.5336 402.8649 407.7551 407.7429 408.2944 -999 -999 -999 -999 -999 -999 -999 -999 413.0789 417.1367 423.2581 428.7695 429.5778 436.7778 440.424 447.5226 450.175 457.9785 461.8811 463.3624 473.0688 471.1124 472.7544 474.0046 474.9106 476.5044 477.3703 480.2652 479.8492 -999 491.6296 496.6667 -999 -999 -999 -999 -999 538.3443 557.1985 565.9626 576.7346 582.6072 590.8141 -999 -999 -999 -999 -999 -999 -999 -999 -999 762.424 -999 -999 -999 -999 848.0389 911.1572 1013.329
403.9973 406.2573 407.8413 408.7109 408.4591 410.7931 414.4763 416.3798 416.4676 -999 -999 -999 -999 -999 -999 422.9903 427.9025 431.8465 430.2626 436.6392 444.1905 447.1334 455.5098 458.2772 463.0141 465.0523 468.0531 471.0059 475.2893 477.0176 478.2787 480.8441 482.3029 485.8918 489.5838 500.921 501.0571 509.5286 509.9049 511.9404 524.7498 532.3893 542.5742 554.6031 579.2603 584.2031 597.6713 621.7151 616.5471 627.0383 631.9001 -999 -999 -999 -999 -999 -999 758.0788 770.5074 782.3419 832.6517 803.578 813.1543 873.4844 1188.852 932.2153
407.5436 406.703 406.0494 409.1628 409.8996 411.8445 414.9611 417.8987 420.8856 424.1654 423.136 -999 425.1055 426.3564 427.3008 425.0798 425.995 429.3 432.8163 440.1627 444.6112 447.5772 453.4935 458.6608 464.5049 467.6194 470.7228 473.4454 477.2026 479.5888 482.7675 484.7963 490.8341 496.9171 502.4625 505.1938 509.1539 521.8326 522.1866 526.8557 539.4233 548.632 558.4693 573.2986 590.5298 600.6041 631.6523 648.6404 643.9938 714.0087 789.0334 749.1987 689.7101 702.4529 711.3524 737.1641 768.7448 973.4854 831.5571 902.9607 1025.576 960.1722 954.573 919.9452 983.1457 1081.242
421.8568 400.8943 406.3179 409.1711 413.4133 417.0566 420.6083 422.3687 422.7841 427.11 426.6118 427.3942 426.5374 421.9692 425.5502 428.5828 430.1897 435.3179 439.4246 441.6757 445.9572 450.6045 454.7516 459.6128 463.8697 469.672 475.743 478.8665 483.4749 488.0794 495.5364 493.4391 492.4633 504.4745 506.5034 511.7248 525.9701 535.3625 539.5222 541.7004 549.485 560.6254 575.5967 589.0272 605.0359 627.2148 640.1686 664.9883 702.8469 690.7841 740.5881 776.859 775.7667 807.3752 750.1869 783.5027 793.9153 942.6034 916.0701 984.6072 958.8391 1129.224 889.8284 963.5369 1089.733 1061.424
407.1566 405.0828 408.3123 412.7268 418.183 419.3646 424.6934 426.1616 428.9856 432.4539 431.4958 433.2755 433.295 433.5775 435.3743 434.5804 437.5483 438.3238 440.5207 442.4164 451.784 454.4566 459.2177 464.8353 467.6061 473.4102 479.3807 484.1602 493.9079 497.7799 510.3015 538.8306 503.4822 504.8979 517.9534 529.5853 549.3669 556.2135 564.9679 574.0829 561.4594 577.4507 587.7061 603.3481 640.4733 696.397 762.8785 687.0629 708.504 755.3234 764.8776 883.0753 900.1454 795.2023 828.4913 797.6298 818.8801 829.0706 883.9384 883.2709 850.7612 899.1479 1061.415 940.3499 1088.663 1158.714
412.0696 409.9565 412.4871 418.5276 422.1249 424.5243 431.5227 432.2207 433.5842 435.2153 439.8753 443.1645 438.4591 434.6406 439.4032 440.426 441.4668 445.6867 446.7343 450.9268 453.2314 458.5221 461.381 467.0524 472.9034 479.306 484.6114 497.0389 499.4688 504.4056 507.5957 511.5534 512.54 518.703 529.2517 552.7557 600.9174 591.6619 605.691 604.7254 579.2257 592.1688 602.7523 617.3124 676.8764 734.3192 811.6314 805.0903 773.248 870.5785 930.4604 865.66 1060.044 878.2606 833.1415 837.9883 870.3896 894.7715 972.5142 1166.385 867.7464 989.1484 924.3279 1103.655 1314.22 1358.518
414.682 415.8447 418.3549 418.9039 427.2753 433.6829 435.5754 439.6447 443.1724 446.3159 451.112 452.2967 446.6725 447.0308 444.8802 450.4729 448.4316 451.2341 456.2452 455.7009 459.3883 464.377 465.7899 473.5635 481.4892 487.2317 491.3009 496.0488 505.9667 522.7863 521.6345 521.3245 524.8914 534.0382 541.7949 550.0859 567.8178 574.873 621.222 745.585 599.4743 608.1629 622.2444 635.9454 656.2799 707.0287 734.1392 831.9095 826.1906 833.3974 896.6143 1020.456 920.7988 858.0156 939.9901 1298.519 859.1183 902.6505 1022.035 1025.859 899.9166 1169.433 988.2175 936.9105 1216.121 1146.756
423.429 423.6596 425.9743 430.0507 435.2192 441.7913 447.1321 449.0702 449.6603 455.4244 455.7207 456.1475 455.2409 452.3512 456.0619 454.1348 455.027 460.2326 462.788 466.0869 466.9348 471.4886 479.0711 483.8498 491.1779 496.2271 503.7751 509.5168 531.4167 568.03 581.6804 545.7114 552.0295 557.9926 581.3851 595.7979 586.0561 593.5138 621.7626 795.5712 620.2719 627.0109 640.0429 654.0732 671.3651 703.5626 793.9418 927.8309 922.8401 1011.52 1183.547 956.3625 936.8011 931.9247 1120.018 1035.351 892.2625 1094.658 1361.254 1195.536 998.1611 1011.886 1009.49 1194.575 998.9033 1115.85
427.0255 429.1044 432.8201 437.929 443.0086 450.3002 453.2689 458.0102 461.7917 464.6618 473.8783 477.4398 461.9481 461.741 462.5645 463.0838 465.746 473.2569 470.1792 472.6452 477.6722 483.9139 487.1078 495.2318 504.6271 510.2744 515.5179 523.2252 543.8213 564.5454 554.151 568.8701 575.1783 580.9235 640.5886 616.5325 618.8585 709.2799 622.5851 720.5317 640.8306 649.9738 661.9342 675.3932 689.7971 733.0851 771.8597 855.2244 974.8695 1063.886 1227.834 1214.904 1019.799 1073.613 1483.306 1213.853 918.9702 1192.194 1226.46 1151.276 931.8694 1037.761 1299.407 1144.737 1084.817 1011.598
435.2762 435.5158 450.8508 449.3407 452.5834 459.3353 469.4526 468.8022 472.1429 480.8815 505.5887 470.1103 472.1205 471.9548 473.8252 474.7328 475.8436 477.5851 483.6869 486.4016 489.1884 493.0564 500.7432 511.1756 519.5017 523.7033 528.5596 538.6774 549.8511 581.7094 573.689 582.4812 596.3541 608.0938 640.6635 641.036 636.2861 640.2513 646.0476 692.7255 665.9595 675.2955 688.3252 700.9672 715.7958 731.5563 773.098 798.4943 841.3421 981.3453 1251.329 1468.274 1090.97 1251.07 1103.386 997.7881 984.9053 1205.967 1454.821 1131.317 977.0174 1031.785 1040.142 1127.505 1105.454 1131.337
443.2447 450.9323 465.6822 476.453 469.6321 467.1254 477.4018 479.6165 484.6411 496.1326 523.2819 482.1865 482.2495 483.7871 484.4615 483.7052 497.7675 490.577 495.3732 499.0407 502.6903 508.0121 515.3187 524.8917 536.6302 541.8628 544.7842 558.6431 578.1477 593.8564 609.05 626.3054 631.6466 641.6737 645.2711 663.5303 663.3785 684.0409 683.3172 715.6636 695.3502 711.9802 723.2146 732.5779 749.1422 774.4104 835.2448 816.9404 924.4117 989.9333 994.3315 1016.386 1050.456 1247.988 1597.547 1171.246 986.0037 1318.318 1380.245 1331.663 1209.854 1219.596 1002.585 1018.699 1096.828 1105.274
462.2202 465.5903 492.8645 495.9234 492.2094 488.2398 486.8633 488.2139 490.2981 512.428 539.7607 490.7352 491.4548 493.4875 497.3759 503.7719 507.4442 499.1071 502.2475 515.1649 521.5347 527.4346 532.9254 545.1155 557.4984 565.1324 572.9243 589.4613 594.1535 627.1633 635.4214 643.6328 676.3009 682.1907 678.0602 693.4448 702.28 716.0892 784.5388 764.9658 735.0002 750.9059 775.8989 770.9158 799.8023 843.7853 982.0214 868.0056 944.5555 937.9123 1055.537 1260.171 1211.643 1141.486 1259.241 1280.925 1103.589 1230.35 1465.594 1145.123 1223.375 1251.088 1068.442 1097.644 1151.004 973.0515
479.6312 504.8257 491.6106 487.905 484.7858 488.0084 497.4259 502.804 511.2008 531.8505 558.9635 503.6104 507.0888 510.9379 519.602 537.9655 528.2567 523.0162 533.7491 532.2319 538.7383 545.6677 557.6939 570.3931 583.2033 601.5896 602.681 610.5508 621.5883 644.2491 662.0675 680.0766 702.5732 711.6565 732.3687 722.6129 731.399 772.7449 801.2317 826.6115 783.4551 835.8139 813.297 817.9699 905.1069 930.8317 982.9921 980.3877 1190.718 1077.929 1019.55 1161.776 1113.066 1114.84 1317.91 1169.657 1507.898 1067.656 1558.07 1342.85 1516.375 1422.906 1349.304 1351.489 1088.495 1311.012
510.109 504.4559 498.5811 495.8211 498.9854 496.1754 506.2953 516.9491 530.6077 545.2391 539.6859 522.4736 525.8187 538.3412 551.8553 569.8633 554.4594 576.6014 556.922 551.7632 560.403 563.2557 582.2419 589.3094 606.6274 620.5341 634.1141 644.9675 657.4941 675.7875 700.309 740.8082 772.3126 764.6917 772.5085 767.1011 767.0857 795.9731 806.8309 839.7842 853.0905 998.4075 920.1342 1001.801 951.9944 1073.692 1049.988 1117.727 1187.84 1089.681 1416.959 1228.739 1121.283 1258.224 1525.924 1378.408 1389.228 1373.385 1212.303 1690.876 1458.965 1491.244 1342.828 1276.538 1266.979 1240.721
541.1069 514.6678 521.3306 512.1754 516.286 513.3186 519.8318 529.7818 551.7189 566.6021 545.1899 545.2061 556.4709 554.7855 577.7283 562.707 559.5925 562.3927 565.7299 567.4044 578.7319 583.2539 596.9561 618.7552 636.4299 646.0252 658.4904 672.6108 698.6863 779.6561 777.9989 973.3971 831.1318 840.3339 913.2704 793.0359 810.309 890.6379 918.0015 956.6049 1002.88 1036.207 1009.227 962.6994 1045.447 1083.333 1170.39 1159.134 1172.281 1215.244 1657.057 1539.885 1185.545 1111.502 1184.221 1459.656 1449.37 1539.688 1160.149 1257.82 1328.213 1478.066 1777.382 1333.912 1154.01 1213.338
555.3252 547.9426 553.701 540.0061 524.5442 521.9854 528.9689 544.5018 570.4351 574.2386 570.2686 569.8428 590.9117 590.0726 610.2029 593.6711 601.7708 574.4647 581.5251 586.6528 591.3989 603.598 622.5539 644.5934 664.1952 681.1453 688.6136 733.5082 785.0676 848.1144 905.7491 1036.9 967.1589 924.5911 835.8592 816.5901 848.1631 885.565 1082.068 1078.18 1050.536 1033.376 1127.165 1035.746 1094.236 1128.041 1217.312 1230.639 1150.537 1159.528 1674.399 1795.613 1248.114 1292.452 1335.118 1468.675 1619.138 1527.752 1272.856 1204.636 1563.439 2087.965 1995.572 1885.542 1566.364 1173.372
577.873 614.5801 543.5821 529.3206 550.7992 525.9799 558.364 546.4869 584.3419 584.5742 602.6359 609.7009 589.6093 578.3907 596.7138 603.5043 598.0306 583.9728 590.9703 597.6199 609.3096 627.3424 645.2021 668.6517 685.9937 705.5433 754.6287 730.8462 774.6331 859.2275 996.2531 1016.951 1028.233 890.2888 831.8538 875.496 877.8107 962.603 1005.69 1081.289 1172.333 1200.1 1255.989 1216.043 1138.489 1315.144 1307.199 1274.225 1212.717 1355.234 1399.35 1561.807 1199.05 1331.144 1451.133 1411.526 1269.507 1431.281 1544.661 1738.772 1601.722 2044.761 1998.343 1413.032 1664.759 1511.183
643.2518 626.913 576.5213 572.8198 570.1352 538.9948 552.269 576.2403 587.0322 637.1466 616.5856 603.0764 611.1188 588.3889 583.8677 593.2724 606.9801 587.8658 605.4061 614.8499 630.0972 648.0102 672.0956 722.8229 804.3255 739.0239 814.5767 752.9166 921.2786 956.3829 967.2527 979.0426 1044.431 1058.643 994.29 883.4025 1098.452 1173.626 1037.142 1194.219 1195.426 1175.643 1257.949 1206.13 1224.429 1243.297 1274.941 1174.09 1233.834 1240.839 1358.588 1427.661 1293.074 1539.247 1437.33 1419.155 1452.542 1482.85 1520.219 1975.779 1924.865 2180.867 2034.955 1579.32 1140.045 1305.483
