Victoria rainfall grid.asc
ncols         181
nrows         104
xllcorner     140.925
yllcorner     -39.175
cellsize      0.05
NODATA_value  -999
[rows 58 to 86 of 104, columns 66 to 131 of 181]
682.1629 651.8613 594.896 618.6985 590.2612 565.5395 572.1062 574.876 595.8035 600.0513 631.5934 586.9221 594.5736 601.2043 605.7336 626.0023 599.5045 615.6044 613.3868 628.814 645.8853 700.1884 731.4861 828.3125 799.6977 805.9323 782.6453 781.1011 771.7502 913.0137 971.4073 952.72 1084.164 1207.954 1015.144 849.2985 918.6091 1247.614 1070.775 1141.939 1374.289 1222.64 1190.493 1176.521 1397.929 1269.994 1242.469 1193.472 1399.041 1201.496 1473.409 1536.73 1403.261 1393.564 1487.637 1565.255 1353.408 1775.616 1788.472 2034.002 1987.924 1889.852 1745.185 1656.689 1138.971 1637.395
698.3219 748.4084 683.4583 612.2383 587.6454 595.6445 561.3071 609.5178 599.8608 626.4382 634.4014 620.0004 612.9451 611.0576 615.0467 608.8321 629.9742 596.6865 627.6761 661.8092 668.4362 677.6184 779.8029 844.2774 774.3464 839.5994 834.9325 873.3694 858.5265 813.039 821.407 798.7291 938.3742 1016.184 1024.993 830.5877 931.1771 934.1146 959.4785 1110 1327.591 1344.344 1355.926 1185.044 1292.239 1333.05 1261.18 1260.188 1383.399 1371.4 1229.39 1408.672 1530.221 1474.108 1466.914 1521.076 1675.505 1599.413 1884.692 1970.576 2057.517 2054.158 2011.006 1902.87 1126.985 1147.933
669.5886 846.2786 669.2895 671.3043 615.4484 627.6401 623.8417 653.3689 630.8563 642.9711 680.3751 696.7223 618.649 653.6624 692.4335 649.954 623.6987 615.946 632.9446 680.4888 734.6777 754.6046 776.9529 792.9417 781.0693 831.5134 867.0947 753.8947 770.3537 808.8667 741.5 736.9293 829.814 858.5458 853.5877 827.6693 840.2164 883.2825 932.4196 995.6719 1045.868 1105.031 1329.168 1375.062 1195.262 1434.78 1301.404 1328.01 1327.766 1236.078 1303.137 1302.256 1343.248 1463.047 1496.423 1420.529 1529.922 1834.917 1890.072 1813.468 1611.408 1767.049 1787.942 1245.096 965.7228 910.7458
667.6365 726.7745 740.0663 687.437 629.4794 638.8643 590.3275 668.5005 636.5626 655.3349 729.4849 648.0599 672.5734 669.9731 628.2376 653.5054 597.3983 624.4711 623.9759 647.4791 668.8413 716.9 842.113 821.1823 846.1101 863.7601 948.6265 746.5401 747.0787 762.2714 821.4806 760.5311 913.3948 800.5627 833.8381 890.3057 830.4391 864.4634 914.2793 1008.109 1072.512 1098.933 1194.016 1373.541 1375.922 1262.111 1304.19 1520.234 1318.025 1211.445 1253.036 1395.461 1337.902 1474.956 1542.321 1726.235 1647.432 1761.321 1519.494 1720.477 1644.991 1715.349 1604.532 1391.173 1260.992 1241.196
712.8434 708.6925 699.9048 693.4152 769.1139 688.5753 676.4423 714.0027 760.617 818.9537 730.7449 676.4241 653.4152 760.7228 619.4875 617.8398 612.5932 628.0721 755.6089 765.8798 803.2737 854.7137 860.4481 989.0645 881.2528 1002.126 888.8162 728.4614 749.9431 760.468 858.8287 1025.288 835.4518 799.2258 846.735 884.1006 854.1232 995.6918 948.356 1004.136 1010.647 1054.058 1114.463 1229.634 1452.936 1418.307 1377.659 1350.291 1396.315 1373.173 1374.045 1375.003 1318.085 1338.298 1369.109 1367.099 1590.137 1640.353 1785.169 1628.93 1173.852 1621.033 1408.736 1283.352 1274.856 1361.349
666.1129 824.2875 727.1074 755.581 759.3616 734.9785 762.449 715.6319 782.2886 800.8851 752.7603 690.3792 631.5759 641.9482 631.8583 606.2693 626.1981 696.5853 879.6804 913.9266 756.6392 673.4628 706.0027 703.2079 718.4214 799.858 738.4302 725.8647 747.5045 854.9276 807.2618 952.2108 856.498 829.2432 1076.852 853.9269 926.6799 909.5485 928.6466 973.0049 1053.155 1147.625 1283.725 1270.924 1342.805 1434.315 1303.327 1388.381 1390.589 1258.313 1190.176 1215.89 1283.289 1177.983 1528.502 1236.014 1213.217 1499.867 1649.139 1670.875 1606.06 1089.401 1448.674 1468.431 1450.022 1133.731
650.3793 802.0439 765.9089 781.0747 773.8489 808.6603 750.9341 756.4469 875.8219 822.2299 765.8971 779.567 709.9008 634.8985 639.6851 679.567 628.0522 713.753 795.7296 750.3082 700.446 712.2212 734.774 709.4011 785.8646 883.3195 987.9129 752.4077 752.596 785.5224 814.6324 887.7258 904.296 867.5194 1031.122 914.8547 900.756 911.3429 953.1223 1024.563 1153.354 1071.947 1076.147 1105.014 1130.727 1367.797 1394.893 1478.588 1423.115 1375.392 1297.056 1181.5 1270.474 1070.487 1309.839 1197.677 1033.344 1488.62 1543.599 1619 1101.37 1174.156 1304.995 1543.395 1635.627 1128.708
717.1957 859.0897 815.88 806.3077 810.9328 827.3973 798.7096 884.5173 905.6159 773.9648 747.198 862.3881 705.0206 667.7383 682.5019 639.9154 657.7732 842.9572 812.7967 745.8116 712.0422 948.1512 793.0433 827.8063 771.8615 812.496 1057.383 1097.55 843.4046 808.425 827.7401 826.0141 888.2655 868.287 975.515 1134.663 1049.448 945.1594 985.7316 1017.187 1012.923 1138.212 1316.346 1231.015 1229.379 1343.434 1374.236 1333.471 1275.54 1405.841 1306.678 1175.002 1398.493 1104.659 1146.153 1115.992 912.986 1340.84 1143.437 1373.438 936.0599 873.0856 937.5574 1400.042 1136.074 1006.978
852.9639 932.5165 922.2831 834.1002 860.7428 833.5975 837.6534 833.3228 812.1778 818.9745 802.1641 809.1583 774.7077 682.0443 718.2632 674.1223 722.7982 847.178 911.2722 845.8679 929.8597 868.3669 891.7972 934.7599 798.5463 808.9991 989.9813 1252.026 998.4695 879.4296 904.1968 929.0511 996.7563 1504.553 1033.453 1267.358 993.9026 1169.156 988.4904 995.3221 1012.271 1115.89 1123.085 1360.314 1389.903 1359.012 1346.612 1349.997 1285.872 1342.103 1337.292 1253.503 1338.162 993.9429 985.995 1110.502 991.5624 1043.031 1025.235 1398.869 979.4987 1048.136 1167.741 865.7048 926.4861 1349.606
1026.845 1047.525 905.4478 924.683 906.0723 877.7966 864.8635 918.8917 903.9398 834.0823 762.9918 769.7729 698.9713 638.3038 750.9553 760.0933 830.6204 813.0051 981.4921 1073.847 936.2021 1053.977 947.8578 1031.795 920.8642 948.923 1031.876 1321.788 1102.954 953.4695 1029.829 1312.425 1333.904 1605.493 1345.736 1218.584 1078.909 1284.757 1012.544 1195.059 1105.952 1309.841 1144.97 1255.335 1235.54 1218.75 1108.615 1226.288 1212.548 1292.575 1327.782 1220.565 1060.946 849.6492 938.8268 904.0042 853.0491 912.5186 1299.459 1057.08 1023.851 777.8597 947.8129 771.5105 800.6292 1218.903
1075.107 1055.197 1053.036 1008.267 936.1032 886.2557 859.4595 971.5958 912.7113 748.7984 720.931 699.8409 671.5599 613.6689 738.1964 715.8509 789.2019 957.1658 1092.625 1165.514 1040.259 1081.029 947.1081 954.8751 889.096 1039.965 1128.871 1334.424 1252.415 1039.731 1377.926 1649.936 1614.021 1635.782 1700.196 1269.503 1166.386 1174.604 1406.031 1150.25 1044.411 1161.357 1337.951 1268.459 1177.944 1209.43 966.9595 1223.606 1130.376 1272.709 1286.458 1281.3 1234.213 1048.167 1228.601 1025.654 983.1667 721.0036 925.1252 1118.758 788.379 873.9775 814.4113 754.0484 765.4146 1135.112
1020.753 953.215 983.9615 978.9102 999.7634 870.0389 780.7842 758.809 812.1721 677.1754 648.4323 668.8309 644.7787 603.8006 677.3195 701.1312 740.8765 744.6496 987.5159 1092.635 1032.733 1110.373 1054.552 1029.026 1076.172 1232.713 1350.06 1302.669 1308.859 1148.279 1275.227 1705.419 1799.765 1707.656 1663.698 1276.911 1337.648 1169.677 1433.144 1235.305 1106.407 1269.334 1342.956 1374.994 1174.264 1181.137 919.9822 1061.724 1055.687 1238.066 1251.279 1210.229 1225.461 1195.68 1014.431 1324.709 1231.551 907.7031 817.2159 927.9388 738.7709 769.9754 774.6593 751.4774 795.9687 834.9338
944.3055 967.5813 860.9675 918.4341 853.8598 777.6773 748.534 728.0721 670.6203 639.9292 576.1439 656.7814 599.656 630.6626 647.6417 682.2317 752.4316 727.9656 749.309 987.7751 1085.711 1149.654 1051.518 1155.406 1283.202 1340.487 1463.677 1529.488 1287.716 1278.079 1340.915 1365.442 1632.613 1793.649 1617.863 1401.045 1405.306 1299.368 1450.682 1400.381 1360.781 1180.14 1332.31 1206.115 1241.725 998.1569 945.8678 1028.392 1011.474 1193.523 1022.844 1199.969 1268.799 1233.37 1209.933 1260.314 1287.094 942.1591 708.175 736.8452 753.9053 760.7275 784.9138 766.6475 809.7379 802.7673
810.0157 836.2845 864.3819 649.9615 644.2915 587.8377 758.4901 733.4082 718.5259 630.444 595.0194 605.9237 570.897 634.5012 645.3317 691.4399 699.0347 717.9778 743.4282 773.0248 803.4553 939.1818 1013.865 1040.896 1133.352 1304.171 1419.808 1443.16 1313.639 1341.387 1488.753 1606.331 1685.268 1538.991 1525.672 1444.64 1322.473 1519.871 1554.444 1479.714 1393.537 1197.056 1330.747 1222.124 1266.935 1115.537 906.6189 1023.848 1159.363 1000.02 944.51 1212.426 1017.584 1166.747 967.4184 1155.639 865.5244 847.966 761.9072 730.3668 753.6674 777.8031 743.4459 734.2607 776.6203 798.6453
757.1566 681.609 731.0637 628.1158 528.3071 569.097 583.3954 619.3216 582.8949 593.8499 588.8928 584.3124 611.7987 645.8813 648.6034 683.4207 693.4243 707.9258 723.5958 745.5591 793.4353 886.9764 1034.732 963.4295 1028.275 1163.622 1371.698 1374.991 1449.417 1431.584 1630.843 1581.292 1616.443 1478.452 1378.895 1505.053 1442.73 1496.361 1503.579 1524.757 1433.717 1383.135 1324.684 1291.225 1261.339 1236.759 1063.439 859.7422 830.6833 1163.444 1001.936 1139.659 960.0202 812.9637 1035.854 860.009 944.6853 768.2151 874.7179 851.5118 769.6865 807.66 724.2751 786.9046 789.5499 810.1796
708.4294 712.2102 638.3303 537.3917 486.3666 514.4874 521.4037 515.7145 530.3512 561.7204 561.4949 577.775 601.8655 619.5547 654.6013 668.36 695.3173 718.7704 752.7017 771.9413 803.2806 849.1102 954.1058 867.8206 928.8137 940.1362 1044.836 1337.582 1516.151 1543.972 1562.165 1624.496 1396.681 1401.151 1484.914 1513.701 1562.956 1555.483 1527.689 1486.989 1397.099 1228.03 1289.651 1225.675 1269.982 1270.074 1016.068 870.7003 812.7266 933.2104 998.8951 945.3351 806.1771 791.8301 835.9562 743.9575 821.3344 777.6949 746.9046 835.4681 783.1217 765.0845 736.7717 795.9677 799.6577 818.8859
626.7141 571.5565 566.8036 538.8805 481.6267 491.7229 496.3164 511.8789 515.9908 539.9924 569.4738 567.3034 583.4878 610.0869 639.837 671.3799 706.6215 695.0465 707.7666 780.5292 833.0607 884.242 858.1989 868.0413 933.569 943.7535 1189.194 1448.718 1507.815 1753.159 1440.108 1306.811 1410.777 1457.029 1366.111 1562.363 1460.507 1573.768 1560.175 1363.424 1228.886 1171.052 1369.982 1108.712 1265.775 1239.197 1122.979 915.9778 754.5875 967.9727 838.5491 817.3442 847.4395 730.4824 730.0188 849.6792 787.9586 707.0228 710.7211 775.7388 801.6721 741.4563 723.674 763.475 796.7802 822.4722
679.6544 643.9142 563.9228 532.0874 527.2866 520.2239 502.3893 522.9531 543.4435 554.2427 557.0225 572.5505 571.658 613.5001 643.1455 671.6462 703.4941 684.946 749.6085 807.5732 796.7909 846.3472 879.2228 947.4973 986.4718 987.0578 1075.955 1136.268 1101.252 1187.836 1317.461 1373.364 1350.585 1419.867 1395.904 1626.474 1483.821 1507.485 1598.979 1533.372 1482.208 1452.541 1168.492 1087.415 1092.358 1178.723 1228.707 906.095 735.8947 875.8253 908.738 750.5257 749.951 701.9995 887.1165 706.2692 713.7714 680.6171 789.8696 759.1448 709.8897 695.3328 686.4808 741.4106 724.431 738.9101
675.2893 610.602 534.4749 515.4658 529.6093 526.0988 521.5496 517.7701 528.2716 540.5429 554.4088 571.062 587.0158 599.2976 624.6072 644.0669 689.9396 754.3919 770.1797 806.827 866.6393 910.1754 1000.576 1049.4 1069.313 1049.033 1052.994 1161.442 1094.468 1387.128 1345.157 1516.278 1608.916 1558.599 1366.367 1381.984 1618.946 1638.971 1640.93 1618.89 1519.87 1426.165 1320.651 1032.058 1282.702 1148.247 1200.861 1059.32 932.0956 731.6386 777.0928 918.4477 665.28 645.8638 637.9623 635.3522 654.4617 671.8873 680.3932 680.9936 693.1744 695.2523 685.2546 687.3559 680.0422 688.3755
671.6344 551.5979 530.8206 516.1547 517.8235 527.7548 519.6961 517.2325 524.6412 534.6151 547.2289 563.7078 581.6373 -999 620.2453 657.049 674.4268 761.6337 806.2372 821.9277 867.6899 956.335 1118.8 1210.277 1154.781 982.5034 1073.083 1188.571 1248.798 1164.871 1328.335 1491.883 1517.249 1547.378 1351.946 1234.505 1240.16 1461.89 1287.643 1268.201 1562.657 1480.583 1415.384 1070.082 1092.556 1099.727 1203.357 1094.858 956.555 711.8471 705.1586 767.0898 711.8624 651.8947 635.3666 619.3276 628.1577 660.1282 677.2077 666.7004 664.0303 671.566 688.1951 692.4559 697.0007 693.5354
599.8857 591.3985 530.307 546.3134 535.0266 520.5824 521.6253 519.9481 526.3529 540.8226 552.4105 567.3752 -999 -999 -999 655.9903 700.353 748.3678 799.1631 782.028 820.1239 881.4147 1126.693 1186.631 1035.858 1099.568 1146.022 1179.638 1324.257 1370.763 1472.344 1380.067 1317.952 1244.191 1161.795 1178.451 1309.769 1180.525 1177.278 1146.317 1184.023 1435.603 1448.555 1012.209 1166.037 1022.462 1175.066 953.9766 869.5562 702.2709 662.7408 651.0588 622.7087 620.4883 615.7529 614.8331 618.3765 635.0579 646.6728 650.9282 644.7556 654.6586 652.5831 665.2805 681.6391 685.899
550.6006 543.5453 497.9456 515.9013 531.3659 512.0095 517.349 518.8539 530.507 546.7405 -999 -999 -999 -999 -999 -999 698.0439 721.0952 755.3387 806.204 832.9766 846.8002 941.8722 1007.424 1071.593 1078.951 1157.353 1105.644 1023.249 1060.297 1128.053 1472.459 1362.52 1107.48 1198.964 1202.205 1149.39 1219.505 1053.153 1024.161 1129.667 1118.619 1048.383 1135.571 1039.76 961.4528 1025.07 870.731 756.1298 689.9397 660.724 641.1485 613.3364 604.8331 600.942 609.394 602.9207 612.1167 630.7468 630.2385 627.5352 638.071 642.836 650.3298 655.952 659.2987
520.0657 534.4907 502.7597 499.0396 509.123 515.6061 520.6028 528.2299 541.5195 -999 -999 -999 -999 -999 -999 -999 -999 699.652 720.5952 739.4977 777.8417 801.8895 947.92 979.6933 1023.906 1097.714 1090.293 1074.728 1175.198 981.5411 994.5685 1058.286 1189.32 1065.372 1124.229 1099.388 1083.082 1036.981 1114.714 1041.274 1087.496 1068.329 1013.851 1059.357 987.4589 1064.576 969.3394 914.7773 710.5471 664.3212 638.5975 621.3334 606.7041 600.9084 593.5505 595.1579 599.5305 594.7139 607.6254 611.0733 610.6094 619.2306 622.2432 621.8693 631.4968 638.5266
530.1765 535.2618 512.5075 511.0319 515.9341 525.1259 -999 -999 -999 -999 -999 -999 -999 -999 -999 -999 -999 -999 714.006 735.1111 768.4008 789.5078 848.3096 877.2687 924.1113 933.2401 940.6657 929.5856 977.0964 1009.779 923.9807 938.8836 989.2242 998.1339 1006.705 1014.94 1004.69 959.0975 1000.488 937.9246 1091.236 986.4905 944.3821 1031.765 1014.386 1006.7 827.0494 751.2477 697.5192 668.7169 646.4149 623.0579 611.6535 599.71 589.3133 587.9233 589.0695 589.5453 591.3296 592.6694 595.8765 598.7225 602.6294 608.4429 617.123 625.1707
551.0035 538.3556 516.4758 -999 -999 -999 -999 -999 -999 -999 -999 -999 -999 -999 -999 -999 -999 -999 723.1548 764.6972 781.1987 807.6465 810.4949 814.324 829.8183 844.4089 863.9462 877.3629 907.4905 901.8395 904.9908 935.5486 949.6348 1029.23 997.0348 1001.675 950.5424 981.8779 931.6278 908.4999 868.5051 872.5943 987.3218 879.7719 951.4786 921.6254 795.264 699.5134 678.7148 656.2716 630.5109 627.3645 606.8771 595.2169 598.8711 590.1704 581.8425 585.71 584.6184 587.6861 589.674 593.3933 597.0373 600.6208 611.549 621.1005
560.8658 532.5973 540.2819 -999 541.4845 -999 -999 630.7593 630.5485 607.4983 -999 -999 -999 -999 -999 -999 -999 -999 772.3703 783.2517 803.4929 796.1843 790.2298 797.864 813.5112 832.672 847.6095 861.8876 876.4659 888.0942 898.2221 942.046 961.3065 975.7536 970.3945 949.8275 948.0724 908.7496 902.8344 913.5416 833.9237 809.3437 833.8652 846.454 744.3665 729.907 700.9584 683.3904 659.9325 642.6282 630.1005 612.2838 603.2078 593.9927 583.2687 581.6484 580.1746 581.624 582.8386 584.7119 587.7957 591.5106 596.0923 600.8212 609.4502 -999
594.2544 568.0358 558.8879 559.2836 569.5675 593.2116 616.5945 636.6033 613.6658 616.2298 631.5706 -999 -999 -999 -999 -999 -999 768.3693 782.4089 766.3771 765.6628 767.3672 781.5124 794.9948 810.6953 827.3721 843.1365 861.7041 878.5022 888.1843 913.6708 978.7673 972.0443 995.986 973.6741 962.8585 924.2464 906.5402 881.0745 891.5007 893.5161 857.4584 793.7289 780.9345 744.3857 737.4655 713.5997 695.1425 697.5869 665.3632 654.1951 657.9138 678.3297 690.7928 654.9056 634.2079 622.5948 616.1171 621.8198 615.71 604.4645 602.6207 599.2158 603.7399 -999 -999
602.5149 594.0424 581.8271 578.3431 580.328 587.6161 611.9862 613.9875 618.2389 632.6656 -999 -999 -999 -999 -999 -999 740.7513 791.6727 803.4788 771.2562 -999 -999 -999 -999 -999 822.6198 840.0367 872.1503 883.8846 915.9304 924.8062 940.9492 967.9007 1028.217 998.5188 999.5706 1127.953 1109.043 1098.799 996.8485 898.5283 890.5676 786.8987 787.7061 770.0752 780.0422 739.7681 742.122 727.4316 779.7424 763.3034 699.8118 697.5229 668.9756 669.6984 643.3603 627.8815 614.6259 609.6939 615.5092 602.5596 599.1561 598.8721 -999 -999 -999
623.4923 628.5045 603.3848 -999 -999 -999 -999 -999 -999 -999 -999 -999 -999 -999 -999 790.8401 779.2316 824.2368 795.1669 -999 767.7307 777.1794 -999 -999 -999 -999 848.3953 870.512 929.6725 938.6309 960.0823 1008.601 1028.343 1127.122 1114.962 1154.318 1113.127 1053.522 1021.266 988.0601 932.1038 859.3185 835.7889 808.6767 829.3623 912.8304 791.7454 894.3293 855.1179 783.6849 787.5319 848.406 755.1086 699.5425 670.5238 619.7992 601.2525 616.1495 607.149 603.6904 607.1873 -999 -999 -999 -999 -999
